,status,elastic_tensor,optimized_structure,ea_index,formation_energy_per_atom,DFT_type,species,elem_count,energy_cutoff,Density,Average_mass,n_atoms,bulk_modulus,shear_modulus,youngs_modulus,poisson_ratio,debye_temp,Mechanical_stability
POSCAR-1724-Zn6Al1,ok,"[[30.4134, 22.2008, 45.6968, 12.9975, -10.5134, -14.207], [22.2008, 46.0663, 37.4978, 11.6062, -5.6865, -4.065], [45.6968, 37.4978, -11.2366, -15.1045, 8.0564, 5.0604], [12.9975, 11.6062, -15.1045, -2.7609, 7.9559, 2.7498], [-10.5134, -5.6865, 8.0564, 7.9559, 9.7787, 0.0523], [-14.207, -4.065, 5.0604, 2.7498, 0.0523, 5.1851]]","{""@module"": ""pymatgen.core.structure"", ""@class"": ""Structure"", ""charge"": 0, ""lattice"": {""matrix"": [[5.046306, 0.00916, 0.016143], [2.467902, 4.401683, 0.04173], [-0.034344, -0.032195, 5.581444]], ""pbc"": [true, true, true], ""a"": 5.046340133966893, ""b"": 5.046493327746803, ""c"": 5.581642513946679, ""alpha"": 89.98689261129842, ""beta"": 90.16986032601932, ""gamma"": 60.617381585485994, ""volume"": 123.85812023050615}, ""properties"": {}, ""sites"": [{""species"": [{""element"": ""Zn"", ""occu"": 1}], ""abc"": [0.064162648803436, 0.7665160885989344, 0.7000901045452185], ""xyz"": [2.1914270531676583, 3.3520091653596293, 3.9405362074901498], ""properties"": {}, ""label"": ""Zn""}, {""species"": [{""element"": ""Zn"", ""occu"": 1}], ""abc"": [0.0827481678911584, 0.2524542497149397, 0.8501584983919802], ""xyz"": [1.011407080429385, 1.084610699610158, 4.756982769413799], ""properties"": {}, ""label"": ""Zn""}, {""species"": [{""element"": ""Zn"", ""occu"": 1}], ""abc"": [0.5681640297196694, 0.2704907811742966, 0.698155834907093], ""xyz"": [3.5106968280061057, 1.1733419285590196, 3.9171771480373527], ""properties"": {}, ""label"": ""Zn""}, {""species"": [{""element"": ""Zn"", ""occu"": 1}], ""abc"": [0.3418340545099894, -0.0080434758479184, 0.3861541636407467], ""xyz"": [1.6918866515499795, -0.04470586425979535, 2.160480412622485], ""properties"": {}, ""label"": ""Zn""}, {""species"": [{""element"": ""Zn"", ""occu"": 1}], ""abc"": [0.7894167638052273, 0.1053533734512058, 0.2263555285101484], ""xyz"": [4.235866398466728, 0.4636756942288956, 1.2805306575620234], ""properties"": {}, ""label"": ""Zn""}, {""species"": [{""element"": ""Zn"", ""occu"": 1}], ""abc"": [0.2288307188980142, 0.5442025665110248, 0.2280020661122424], ""xyz"": [2.4899579290984946, 2.3901627484345696, 1.2989843512854544], ""properties"": {}, ""label"": ""Zn""}, {""species"": [{""element"": ""Al"", ""occu"": 1}], ""abc"": [0.591656616372503, 0.7427404163975131, -0.0452261961074247], ""xyz"": [4.820244140727628, 3.276183496259505, -0.2118818105722394], ""properties"": {}, ""label"": ""Al""}], ""@version"": null}",344,0.1168076017857142,PAW_PBE,"['Zn', 'Al']",2,520.0,5.623281674786533,59.91936265714286,7,26.32066269145154,2.781211934790885,8.059753848735076,0.4489643431903867,91.55140646608665,False
POSCAR-693-Mg2Zn1Al5,ok,"[[82.8171, 49.2224, 40.0423, 5.082, -2.3698, -3.0352], [49.2224, 95.6216, 33.9818, -5.8307, -1.8732, 5.2311], [40.0423, 33.9818, 137.2242, 3.499, -0.7964, -7.8403], [5.082, -5.8307, 3.499, 22.4961, 2.2195, -4.5594], [-2.3698, -1.8732, -0.7964, 2.2195, 21.0698, -4.0879], [-3.0352, 5.2311, -7.8403, -4.5594, -4.0879, 13.6701]]","{""@module"": ""pymatgen.core.structure"", ""@class"": ""Structure"", ""charge"": 0, ""lattice"": {""matrix"": [[4.216995, 0.526864, 0.64086], [-2.682551, 4.323819, -0.082234], [0.94713, 0.574938, 7.421474]], ""pbc"": [true, true, true], ""a"": 4.29782899195873, ""b"": 5.089032623506947, ""c"": 7.50372475997221, ""alpha"": 90.99796567638208, ""beta"": 73.69693091889118, ""gamma"": 114.54853409619915, ""volume"": 142.35416154493836}, ""properties"": {}, ""sites"": [{""species"": [{""element"": ""Mg"", ""occu"": 1}], ""abc"": [0.5277012104768681, 0.6701480303398049, 0.2419574547398138], ""xyz"": [0.6567722612465464, 3.3147360920657087, 2.078754604076947], ""properties"": {}, ""label"": ""Mg""}, {""species"": [{""element"": ""Mg"", ""occu"": 1}], ""abc"": [0.3910563553452117, 0.7850667862505272, 0.6317952906272019], ""xyz"": [0.1414932762975847, 3.96376332306419, 4.874905516498229], ""properties"": {}, ""label"": ""Mg""}, {""species"": [{""element"": ""Zn"", ""occu"": 1}], ""abc"": [0.9033304231653602, 0.3007927993027997, 0.1226054240815765], ""xyz"": [3.1185711285840667, 1.8469964180698397, 1.46408590701228], ""properties"": {}, ""label"": ""Zn""}, {""species"": [{""element"": ""Al"", ""occu"": 1}], ""abc"": [0.1426750456574459, 0.0435290391762393, 0.3826595055313331], ""xyz"": [0.8473193840648526, 0.483387522688406, 2.9277527339060567], ""properties"": {}, ""label"": ""Al""}, {""species"": [{""element"": ""Al"", ""occu"": 1}], ""abc"": [0.0095891952034981, 0.1553857843490624, 0.7623138784293793], ""xyz"": [0.3456176407126318, 1.1151954250765048, 5.650859965650752], ""properties"": {}, ""label"": ""Al""}, {""species"": [{""element"": ""Al"", ""occu"": 1}], ""abc"": [0.7721730772121415, 0.4089924555246195, 0.4957107672855288], ""xyz"": [2.6286094241973337, 2.46024250332791, 4.140126323604164], ""properties"": {}, ""label"": ""Al""}, {""species"": [{""element"": ""Al"", ""occu"": 1}], ""abc"": [0.274628218628152, 0.9309429293953755, 0.0063701138944583], ""xyz"": [-1.333162735405812, 4.173582868356938, 0.14671871397889918], ""properties"": {}, ""label"": ""Al""}, {""species"": [{""element"": ""Al"", ""occu"": 1}], ""abc"": [0.6465794743113209, 0.5285641756615652, 0.8686655654107037], ""xyz"": [2.1314612692558006, 3.125504116444472, 6.817679883876637], ""properties"": {}, ""label"": ""Al""}], ""@version"": null}",2650,0.0281789034374999,PAW_PBE,"['Zn', 'Mg', 'Al']",3,520.0,2.9036910053069125,31.115836625,8,61.6261710541179,21.3406497857124,57.39661939120499,0.3447720656948346,347.34808330521065,True
POSCAR-1743-Zn3,ok,"[[31.5318, 46.4418, 62.9011, -0.6808, -1.492, 1.1881], [46.4418, 39.9389, 47.6493, -0.1668, 1.0421, 1.9715], [62.9011, 47.6493, 30.6432, 0.3931, -1.8623, -1.4642], [-0.6808, -0.1668, 0.3931, 2.2188, 0.8397, -1.0078], [-1.492, 1.0421, -1.8623, 0.8397, -5.8135, 0.0807], [1.1881, 1.9715, -1.4642, -1.0078, 0.0807, 3.0183]]","{""@module"": ""pymatgen.core.structure"", ""@class"": ""Structure"", ""charge"": 0, ""lattice"": {""matrix"": [[3.799186, 0.000171, -0.00259], [-0.011423, 3.77075, 0.001246], [0.015422, -0.005162, 3.802004]], ""pbc"": [true, true, true], ""a"": 3.7991868866820706, ""b"": 3.7707675080737877, ""c"": 3.8020387820673265, ""alpha"": 90.05956129087578, ""beta"": 89.80665707918409, ""gamma"": 90.17100362665174, ""volume"": 54.46685750838042}, ""properties"": {}, ""sites"": [{""species"": [{""element"": ""Zn"", ""occu"": 1}], ""abc"": [0.9933544891990992, 0.4977784789351206, 0.4917228925547489], ""xyz"": [3.7758356952864727, 1.8746297894908914, 1.867579848242453], ""properties"": {}, ""label"": ""Zn""}, {""species"": [{""element"": ""Zn"", ""occu"": 1}], ""abc"": [0.4933198486067253, 0.497230254031728, 0.991672924573175], ""xyz"": [1.8838275809997533, 1.8698963224476033, 3.769686276407542], ""properties"": {}, ""label"": ""Zn""}, {""species"": [{""element"": ""Zn"", ""occu"": 1}], ""abc"": [0.4937776621941752, -0.0025147329668481, 0.4915951828720719], ""xyz"": [1.883563288025773, -0.011935607688492904, 1.8677648341579893], ""properties"": {}, ""label"": ""Zn""}], ""@version"": null}",530,0.1665324741666666,PAW_PBE,['Zn'],1,520.0,5.982401304712378,65.409,3,46.815377491876696,17.13189450348126,45.8079410775984,0.3369198913841686,215.1472705901681,False
POSCAR-311-Mg4Al1,ok,"[[48.245, 34.6756, 28.0841, 6.174, 4.6466, -1.0569], [34.6756, 62.381, 28.4068, -4.0217, -7.5922, -1.1498], [28.0841, 28.4068, 80.5933, -0.6229, -0.7041, -3.4803], [6.174, -4.0217, -0.6229, 29.5247, -9.0964, -1.4876], [4.6466, -7.5922, -0.7041, -9.0964, 9.8828, 3.8655], [-1.0569, -1.1498, -3.4803, -1.4876, 3.8655, 21.2307]]","{""@module"": ""pymatgen.core.structure"", ""@class"": ""Structure"", ""charge"": 0, ""lattice"": {""matrix"": [[3.239013, 0.025849, 0.06052], [-1.606029, 6.746331, 0.389616], [-1.423175, 0.720881, 4.949234]], ""pbc"": [true, true, true], ""a"": 3.2396814743690467, ""b"": 6.945798135409493, ""c"": 5.200001315725026, ""alpha"": 75.44428610043197, ""beta"": 104.75846774404023, ""gamma"": 102.84872979414011, ""volume"": 107.94035550203974}, ""properties"": {}, ""sites"": [{""species"": [{""element"": ""Mg"", ""occu"": 1}], ""abc"": [0.2745430042956656, 0.0916760517252187, 0.4818474856911285], ""xyz"": [0.056260666848043546, 0.9729283491619914, 2.437109758185993], ""properties"": {}, ""label"": ""Mg""}, {""species"": [{""element"": ""Mg"", ""occu"": 1}], ""abc"": [0.4502344783358305, 0.8677632676637629, 0.0802580543081727], ""xyz"": [-0.049558901064825786, 5.923712850779574, 0.7625585350788239], ""properties"": {}, ""label"": ""Mg""}, {""species"": [{""element"": ""Mg"", ""occu"": 1}], ""abc"": [0.6625548174066671, 0.672940935334567, 0.6707172822755625], ""xyz"": [0.11071294115585795, 5.040516017855819, 3.6218231508365752], ""properties"": {}, ""label"": ""Mg""}, {""species"": [{""element"": ""Mg"", ""occu"": 1}], ""abc"": [0.0622035491388433, 0.2864949787320776, 0.8914267263250042], ""xyz"": [-1.5272973711288353, 2.577010445806141, 4.5272670488639655], ""properties"": {}, ""label"": ""Mg""}, {""species"": [{""element"": ""Al"", ""occu"": 1}], ""abc"": [0.8624671508229907, 0.4797237665443709, 0.281081451400129], ""xyz"": [1.6230639379327596, 3.4612955088234516, 1.630242443032625], ""properties"": {}, ""label"": ""Al""}], ""@version"": null}",1632,0.0299089985,PAW_PBE,"['Mg', 'Al']",2,520.0,1.9106987930314023,24.84030772,5,36.45220826955317,9.65786304351849,26.622421968036274,0.3782770499061336,271.31827913422296,True
POSCAR-590-Mg1Zn4Al1,ok,"[[80.1909, 46.5139, 57.4639, -0.0084, -0.0167, 0.391], [46.5139, 71.6013, 46.8702, 2.3373, -0.338, 0.1481], [57.4639, 46.8702, 78.9496, -4.4623, 0.9342, 0.3266], [-0.0084, 2.3373, -4.4623, -31.7866, -0.2523, -0.7512], [-0.0167, -0.338, 0.9342, -0.2523, 10.0667, -1.9623], [0.391, 0.1481, 0.3266, -0.7512, -1.9623, -29.1847]]","{""@module"": ""pymatgen.core.structure"", ""@class"": ""Structure"", ""charge"": 0, ""lattice"": {""matrix"": [[4.444571, 0.036139, 0.04168], [-0.07108, 5.84916, 0.090144], [2.185474, -0.060815, 3.869948]], ""pbc"": [true, true, true], ""a"": 4.444913342660574, ""b"": 5.850286404334065, ""c"": 4.444827622259945, ""alpha"": 90.35740819202341, ""beta"": 60.01955705270369, ""gamma"": 90.22205375825058, ""volume"": 100.11586806448533}, ""properties"": {}, ""sites"": [{""species"": [{""element"": ""Mg"", ""occu"": 1}], ""abc"": [0.3934187770955004, 0.7941331618063736, 0.16357201759826], ""xyz"": [2.049613093981468, 4.649282053646584, 0.7209992367275654], ""properties"": {}, ""label"": ""Mg""}, {""species"": [{""element"": ""Zn"", ""occu"": 1}], ""abc"": [0.7252948637701013, 0.5396561152377258, 0.4959769553530327], ""xyz"": [4.269210501813659, 3.1525835555458896, 1.9982820771884855], ""properties"": {}, ""label"": ""Zn""}, {""species"": [{""element"": ""Zn"", ""occu"": 1}], ""abc"": [0.727083670655534, 0.0465042514866698, 0.4982568602398867], ""xyz"": [4.317196888349371, 0.26798539344410116, 1.962725066410566], ""properties"": {}, ""label"": ""Zn""}, {""species"": [{""element"": ""Zn"", ""occu"": 1}], ""abc"": [0.0585804779836692, 0.540627496961379, 0.8293800287172516], ""xyz"": [2.0345257800091465, 3.1138950235740324, 3.260833542782716], ""properties"": {}, ""label"": ""Zn""}, {""species"": [{""element"": ""Zn"", ""occu"": 1}], ""abc"": [0.0603852105388675, 0.0475591124281444, 0.8315037762671112], ""xyz"": [2.082235737812141, 0.22979521702018488, 3.2246804001633373], ""properties"": {}, ""label"": ""Zn""}, {""species"": [{""element"": ""Al"", ""occu"": 1}], ""abc"": [0.3929719999563256, 0.2941348620797112, 0.1638503618244577], ""xyz"": [2.083775554479205, 1.724678925234231, 0.6769859460073295], ""properties"": {}, ""label"": ""Al""}], ""@version"": null}",3895,0.0008929556249999,PAW_PBE,"['Zn', 'Mg', 'Al']",3,520.0,5.190187232160397,52.153756433333335,6,58.74307003755538,10.893645238017584,30.77836470503225,0.4126751896426388,191.40979960210595,False
POSCAR-1222-Mg2Zn2Al1,ok,"[[76.4596, 34.4158, 39.8695, 2.0155, -4.8316, -3.5896], [34.4158, 97.5076, 28.5778, 5.2505, 0.8229, 0.817], [39.8695, 28.5778, 65.1832, -2.1118, -4.9095, 7.2208], [2.0155, 5.2505, -2.1118, 17.2535, 4.6478, -5.3209], [-4.8316, 0.8229, -4.9095, 4.6478, 19.6312, 2.5949], [-3.5896, 0.817, 7.2208, -5.3209, 2.5949, 12.31]]","{""@module"": ""pymatgen.core.structure"", ""@class"": ""Structure"", ""charge"": 0, ""lattice"": {""matrix"": [[3.592717, 3.893842, 0.06079], [-1.824001, 3.989803, 0.195376], [0.261624, -0.36072, 4.504248]], ""pbc"": [true, true, true], ""a"": 5.298425840488191, ""b"": 4.3913186411584855, ""c"": 4.526236414647383, ""alpha"": 92.98887249742052, ""beta"": 90.4559270561106, ""gamma"": 67.25858037141859, ""volume"": 96.98456119565029}, ""properties"": {}, ""sites"": [{""species"": [{""element"": ""Mg"", ""occu"": 1}], ""abc"": [0.2383278147189244, 0.0978597040878332, 0.1434220135809064], ""xyz"": [0.715270834278709, 1.2667166069306106, 0.6796157032303983], ""properties"": {}, ""label"": ""Mg""}, {""species"": [{""element"": ""Mg"", ""occu"": 1}], ""abc"": [0.8259718798652776, 0.28172769619065, 0.6476469767802053], ""xyz"": [2.623051607387643, 4.10662278661876, 3.022416260816241], ""properties"": {}, ""label"": ""Mg""}, {""species"": [{""element"": ""Zn"", ""occu"": 1}], ""abc"": [0.5474844837802665, 0.4491778186124083, 0.1524461436031484], ""xyz"": [1.1875395916607663, 3.868958712604635, 0.8076953846904141], ""properties"": {}, ""label"": ""Zn""}, {""species"": [{""element"": ""Zn"", ""occu"": 1}], ""abc"": [0.8553856004947884, 0.7897895416347295, 0.1385487293879736], ""xyz"": [1.6688291474989456, 6.431863762319867, 0.8303626493888264], ""properties"": {}, ""label"": ""Zn""}, {""species"": [{""element"": ""Al"", ""occu"": 1}], ""abc"": [0.2280042211407522, 0.5975202394743754, 0.6484191366477658], ""xyz"": [-0.1010808647510253, 3.0379027054991483, 3.0512420903181177], ""properties"": {}, ""label"": ""Al""}], ""@version"": null}",4745,0.0166252630000003,PAW_PBE,"['Zn', 'Mg', 'Al']",3,520.0,3.5340790156562862,41.28190772,5,47.80690269106687,16.087176925788068,43.39411131198951,0.3487174136323411,265.7565420974721,True
POSCAR-2137-Mg2Zn1Al7,ok,"[[83.0292, 33.9147, 17.0863, 2.7455, -5.3684, 5.3059], [33.9147, 84.6041, 33.8638, -1.3983, 1.8777, 9.6715], [17.0863, 33.8638, 64.1709, 6.3604, -1.7316, 19.6993], [2.7455, -1.3983, 6.3604, 2.0972, -3.0173, -6.2032], [-5.3684, 1.8777, -1.7316, -3.0173, 10.6462, -2.4751], [5.3059, 9.6715, 19.6993, -6.2032, -2.4751, -9.8401]]","{""@module"": ""pymatgen.core.structure"", ""@class"": ""Structure"", ""charge"": 0, ""lattice"": {""matrix"": [[7.462703, 0.040886, -0.186574], [0.177742, 5.25771, 0.065945], [0.262183, 0.032883, 5.153553]], ""pbc"": [true, true, true], ""a"": 7.4651468564711445, ""b"": 5.261126819008358, ""c"": 5.160322639233616, ""alpha"": 88.81947662169979, ""beta"": 88.51783006970803, ""gamma"": 87.7687365612622, ""volume"": 202.41172931203425}, ""properties"": {}, ""sites"": [{""species"": [{""element"": ""Mg"", ""occu"": 1}], ""abc"": [0.4993487698781708, 0.1955624760062315, 0.2494491727954395], ""xyz"": [3.826652561097461, 1.0568297966769948, 1.2052804028964366], ""properties"": {}, ""label"": ""Mg""}, {""species"": [{""element"": ""Mg"", ""occu"": 1}], ""abc"": [0.5056753741821687, 0.8959971610863965, 0.7550402197725544], ""xyz"": [4.130920169281839, 4.75639626471115, 3.8558804452546855], ""properties"": {}, ""label"": ""Mg""}, {""species"": [{""element"": ""Zn"", ""occu"": 1}], ""abc"": [0.8865804558318783, 0.9718938735418872, 0.539472383166715], ""xyz"": [6.930473476184807, 5.163924336752729, 2.6788781982103163], ""properties"": {}, ""label"": ""Zn""}, {""species"": [{""element"": ""Al"", ""occu"": 1}], ""abc"": [0.3046463163839996, 0.7025748105560077, 0.2388819225064408], ""xyz"": [2.460992810284175, 3.7142455307578826, 1.220582862427923], ""properties"": {}, ""label"": ""Al""}, {""species"": [{""element"": ""Al"", ""occu"": 1}], ""abc"": [0.9873551701123523, 0.652874302169609, 0.9480797982613408], ""xyz"": [7.732951980026746, 3.504168458751616, 4.74481848091716], ""properties"": {}, ""label"": ""Al""}, {""species"": [{""element"": ""Al"", ""occu"": 1}], ""abc"": [0.6985673525840238, 0.3836631545686191, 0.7559743853473859], ""xyz"": [5.479597366523722, 2.070609934898103, 3.7909202230171926], ""properties"": {}, ""label"": ""Al""}, {""species"": [{""element"": ""Al"", ""occu"": 1}], ""abc"": [0.1045012365809222, 0.1266487358909617, 0.0354803889916342], ""xyz"": [0.8116748461778828, 0.6713216643713278, 0.1717047023034839], ""properties"": {}, ""label"": ""Al""}, {""species"": [{""element"": ""Al"", ""occu"": 1}], ""abc"": [0.3258443877761509, 0.4262720911155173, 0.7392441344642867], ""xyz"": [2.7012635891155488, 2.2788460746911716, 3.777050249144493], ""properties"": {}, ""label"": ""Al""}, {""species"": [{""element"": ""Al"", ""occu"": 1}], ""abc"": [0.6798699013329297, 0.6701469653077798, 0.2587738310333783], ""xyz"": [5.260626513536518, 3.559744821640136, 1.2509514478994914], ""properties"": {}, ""label"": ""Al""}, {""species"": [{""element"": ""Al"", ""occu"": 1}], ""abc"": [0.0099700353374084, 0.4408744297569888, 0.4542447636608159], ""xyz"": [0.2718605703873341, 2.333334463505882, 2.3681877793957717], ""properties"": {}, ""label"": ""Al""}], ""@version"": null}",4181,0.1242209022499993,PAW_PBE,"['Zn', 'Mg', 'Al']",3,520.0,2.484837701847021,30.28897702,10,47.64818238485013,11.80359989235685,32.70979860382447,0.38558570699287,269.0014728162329,False
POSCAR-843-Mg1Zn7,ok,"[[52.9664, 14.0237, 25.6075, 8.1668, 59.2708, 6.5618], [14.0237, -16.4616, 61.6061, -16.7324, 35.8614, 3.169], [25.6075, 61.6061, 83.4625, 12.8531, -0.9916, 2.7195], [8.1668, -16.7324, 12.8531, -1.6565, 1.3227, -2.3719], [59.2708, 35.8614, -0.9916, 1.3227, -9.3639, -1.7097], [6.5618, 3.169, 2.7195, -2.3719, -1.7097, 4.6294]]","{""@module"": ""pymatgen.core.structure"", ""@class"": ""Structure"", ""charge"": 0, ""lattice"": {""matrix"": [[5.198445, -0.173119, 0.165436], [-0.103697, 5.647076, -0.069775], [-2.678515, 0.766046, 4.473621]], ""pbc"": [true, true, true], ""a"": 5.203957117067934, ""b"": 5.648458990575217, ""c"": 5.270156917111861, ""alpha"": 81.71109981336112, ""beta"": 119.04874668470642, ""gamma"": 92.98017251077297, ""volume"": 133.98208364650637}, ""properties"": {}, ""sites"": [{""species"": [{""element"": ""Mg"", ""occu"": 1}], ""abc"": [0.8232797820961006, 0.3563289230562338, 0.4208175834058124], ""xyz"": [3.115658217088183, 2.192056763397699, 1.9939156417180954], ""properties"": {}, ""label"": ""Mg""}, {""species"": [{""element"": ""Zn"", ""occu"": 1}], ""abc"": [-0.0642468700427379, 0.0545438039624658, 0.040909460091337], ""xyz"": [-0.449216451675364, 0.3504738884652026, 0.1685788806493957], ""properties"": {}, ""label"": ""Zn""}, {""species"": [{""element"": ""Zn"", ""occu"": 1}], ""abc"": [0.4289124734644655, 0.0576172797048912, 0.5568130602585777], ""xyz"": [0.7322710299669211, 0.6776606764719258, 2.557907917715697], ""properties"": {}, ""label"": ""Zn""}, {""species"": [{""element"": ""Zn"", ""occu"": 1}], ""abc"": [0.7979147334882902, 0.5449873595371499, 0.8868533307655897], ""xyz"": [1.715952353251018, 3.6188212842185083, 4.061423013270552], ""properties"": {}, ""label"": ""Zn""}, {""species"": [{""element"": ""Zn"", ""occu"": 1}], ""abc"": [0.3122720582203259, 0.5097358378125524, 0.9034219725270598], ""xyz"": [-0.8493582622218036, 3.5165195779705765, 4.057661730298844], ""properties"": {}, ""label"": ""Zn""}, {""species"": [{""element"": ""Zn"", ""occu"": 1}], ""abc"": [0.4373227763067364, 0.988893624779232, 0.0625408031974276], ""xyz"": [2.0033366181927827, 5.5565577054585376, 0.2831327286929895], ""properties"": {}, ""label"": ""Zn""}, {""species"": [{""element"": ""Zn"", ""occu"": 1}], ""abc"": [0.3025549049062888, 0.5957617145613753, 0.377133301859463], ""xyz"": [0.5008791240906022, 3.6008351347921557, 1.6956356586123893], ""properties"": {}, ""label"": ""Zn""}, {""species"": [{""element"": ""Zn"", ""occu"": 1}], ""abc"": [0.939664141560539, 0.8615864565860966, 0.5561364878947325], ""xyz"": [3.305828502712709, 5.128796616395378, 2.5832809530270353], ""properties"": {}, ""label"": ""Zn""}], ""@version"": null}",3265,0.01734697734375,PAW_PBE,"['Zn', 'Mg']",2,520.0,5.975864674390488,60.271,8,53.605697599681406,8.223705709600788,23.470886127858613,0.4270261459172513,155.09784540755336,False
POSCAR-711-Mg7Zn2Al1,ok,"[[40.8814, 32.2386, 31.7584, 2.9715, -11.1286, 26.7644], [32.2386, 56.879, 29.9255, 2.0737, -8.8606, 7.3302], [31.7584, 29.9255, 63.4878, 1.0841, 5.7411, -6.5895], [2.9715, 2.0737, 1.0841, 11.356, -3.5685, -2.8163], [-11.1286, -8.8606, 5.7411, -3.5685, -1.2518, 16.491], [26.7644, 7.3302, -6.5895, -2.8163, 16.491, -8.5597]]","{""@module"": ""pymatgen.core.structure"", ""@class"": ""Structure"", ""charge"": 0, ""lattice"": {""matrix"": [[13.266407, 2.20969, 0.079701], [-0.351748, 3.030656, 0.050251], [-0.043093, -0.341018, 4.987842]], ""pbc"": [true, true, true], ""a"": 13.449410278341203, ""b"": 3.0514140343193352, ""c"": 4.999671799222125, ""alpha"": 92.88442050627806, ""beta"": 90.79049292311787, ""gamma"": 87.15862187159483, ""volume"": 204.66010067082954}, ""properties"": {}, ""sites"": [{""species"": [{""element"": ""Mg"", ""occu"": 1}], ""abc"": [0.0193302269479232, 0.5611211339884089, 0.507634293175573], ""xyz"": [0.03719393685954714, 1.5701665092431842, 2.561737184663464], ""properties"": {}, ""label"": ""Mg""}, {""species"": [{""element"": ""Mg"", ""occu"": 1}], ""abc"": [0.8917512799932259, 0.8360146486181382, 0.0121774619587834], ""xyz"": [11.535744179170768, 4.500013963088423, 0.17382329708587227], ""properties"": {}, ""label"": ""Mg""}, {""species"": [{""element"": ""Mg"", ""occu"": 1}], ""abc"": [0.4255787418438828, 0.4537163444137445, 0.4869096530805452], ""xyz"": [5.465324585453833, 2.149410295486369, 2.4853471691674067], ""properties"": {}, ""label"": ""Mg""}, {""species"": [{""element"": ""Mg"", ""occu"": 1}], ""abc"": [0.2174397381035881, 0.0197876680154498, 0.4883723260025207], ""xyz"": [2.856638362362083, 0.37390027581842106, 2.454248513945103], ""properties"": {}, ""label"": ""Mg""}, {""species"": [{""element"": ""Mg"", ""occu"": 1}], ""abc"": [0.2901150465594317, 0.5116619241807507, 0.9885014237887437], ""xyz"": [3.6262107341193115, 1.8546388191842582, 4.979322901311135], ""properties"": {}, ""label"": ""Mg""}, {""species"": [{""element"": ""Mg"", ""occu"": 1}], ""abc"": [0.802070408564109, 0.3175431627376649, 0.5141422911592255], ""xyz"": [10.506741376508183, 2.55935927666337, 2.6443431889239117], ""properties"": {}, ""label"": ""Mg""}, {""species"": [{""element"": ""Mg"", ""occu"": 1}], ""abc"": [0.6669606776104042, 0.4032497502277771, 0.0149647566547171], ""xyz"": [8.705684632773767, 2.69078436335037, 0.1480629779271003], ""properties"": {}, ""label"": ""Mg""}, {""species"": [{""element"": ""Zn"", ""occu"": 1}], ""abc"": [0.4811716123788086, 0.9446303674782986, -0.0114689978989353], ""xyz"": [6.051640837690215, 3.9300009258631396, 0.028612929856134166], ""properties"": {}, ""label"": ""Zn""}, {""species"": [{""element"": ""Zn"", ""occu"": 1}], ""abc"": [0.0971212902216311, 0.0896674376955826, 0.9957996435557585], ""xyz"": [1.2139982285309845, 0.14677349900048198, 4.979137828076036], ""properties"": {}, ""label"": ""Zn""}, {""species"": [{""element"": ""Al"", ""occu"": 1}], ""abc"": [0.6099759777770004, 0.906938562644184, 0.5143191485230707], ""xyz"": [7.7510122008123705, 3.921084527451992, 2.6595329155238474], ""properties"": {}, ""label"": ""Al""}], ""@version"": null}",421,-7.180837499998205e-05,PAW_PBE,"['Zn', 'Mg', 'Al']",3,520.0,2.6607438912022423,32.79345386000001,10,40.164715606873074,8.707003081125034,24.360686613606525,0.3989134026158444,222.8563312190283,False
POSCAR-2178-Mg4Zn1,ok,"[[42.9867, 8.3993, 11.5371, 0.6976, 0.5331, 0.0085], [8.3993, 20.9902, 12.1443, 2.8748, 2.0796, 10.731], [11.5371, 12.1443, 42.1381, 2.6292, -1.0657, 7.2281], [0.6976, 2.8748, 2.6292, 6.8047, -2.6845, 1.0158], [0.5331, 2.0796, -1.0657, -2.6845, 4.2813, 3.3796], [0.0085, 10.731, 7.2281, 1.0158, 3.3796, 3.8984]]","{""@module"": ""pymatgen.core.structure"", ""@class"": ""Structure"", ""charge"": 0, ""lattice"": {""matrix"": [[5.038212, 0.031244, -0.124466], [0.830201, 4.459922, 0.052679], [0.555984, 0.142325, 6.040824]], ""pbc"": [true, true, true], ""a"": 5.039846042255259, ""b"": 4.5368395413025135, ""c"": 6.068025149326344, ""alpha"": 87.05466330936403, ""beta"": 86.14939173186791, ""gamma"": 79.12078289258498, ""volume"": 135.8378858560459}, ""properties"": {}, ""sites"": [{""species"": [{""element"": ""Mg"", ""occu"": 1}], ""abc"": [-0.0917887597199547, 0.3778746570726565, 0.6858376311256966], ""xyz"": [0.23257543699397337, 1.7800354891620709, 4.17435506103449], ""properties"": {}, ""label"": ""Mg""}, {""species"": [{""element"": ""Mg"", ""occu"": 1}], ""abc"": [0.7276402806473644, 0.0933847801065348, 0.1892092672859833], ""xyz"": [3.8487314567328745, 0.4661524371573207, 1.05733282450376], ""properties"": {}, ""label"": ""Mg""}, {""species"": [{""element"": ""Mg"", ""occu"": 1}], ""abc"": [0.3149081535738157, 0.670874267646234, -0.0513113500959573], ""xyz"": [2.1150062364358613, 2.9945830079571802, -0.3138172078294437], ""properties"": {}, ""label"": ""Mg""}, {""species"": [{""element"": ""Mg"", ""occu"": 1}], ""abc"": [0.3353067815921879, 0.6980607910108242, 0.4408350435243327], ""xyz"": [2.5139746482959504, 3.186514851820244, 2.6580457614948396], ""properties"": {}, ""label"": ""Mg""}, {""species"": [{""element"": ""Zn"", ""occu"": 1}], ""abc"": [0.4653075439065925, 0.1410015041637468, 0.6878114081599518], ""xyz"": [2.8437897791133704, 0.7412865380211686, 4.104460511364397], ""properties"": {}, ""label"": ""Zn""}], ""@version"": null}",3096,0.1809102584999999,PAW_PBE,"['Zn', 'Mg']",2,520.0,1.9880448385973752,32.525800000000004,5,22.992418925842117,11.501714395040937,29.573813965912368,0.2856263401334055,265.5994853248737,False
POSCAR-483-Mg1Zn1Al2,ok,"[[90.5932, 41.3193, 62.5541, 0.2445, -2.8924, -0.1387], [41.3193, 97.1189, 42.0591, 0.0456, 4.8423, 0.1133], [62.5541, 42.0591, 88.976, 1.1537, -2.8252, 0.0788], [0.2445, 0.0456, 1.1537, -1.8083, 0.1801, 0.1984], [-2.8924, 4.8423, -2.8252, 0.1801, 18.7033, 0.0526], [-0.1387, 0.1133, 0.0788, 0.1984, 0.0526, 0.1472]]","{""@module"": ""pymatgen.core.structure"", ""@class"": ""Structure"", ""charge"": 0, ""lattice"": {""matrix"": [[4.05427, -0.019741, 0.018281], [0.019064, 4.219582, -0.014357], [-0.006656, 0.010391, 4.065431]], ""pbc"": [true, true, true], ""a"": 4.054359275513456, ""b"": 4.219649489503719, ""c"": 4.065449728010175, ""alpha"": 90.04892535881972, ""beta"": 89.83617207067654, ""gamma"": 90.02100075383524, ""volume"": 69.55129821531422}, ""properties"": {}, ""sites"": [{""species"": [{""element"": ""Mg"", ""occu"": 1}], ""abc"": [0.9793504665007621, 0.3562758747639319, 0.0653398575654199], ""xyz"": [3.9769083570045884, 1.484680857088912, 0.2784231356261573], ""properties"": {}, ""label"": ""Mg""}, {""species"": [{""element"": ""Zn"", ""occu"": 1}], ""abc"": [0.4792319893149061, 0.3553053870943536, 0.5654176328964795], ""xyz"": [1.9459459994547519, 1.4956549518087285, 2.3023260932781198], ""properties"": {}, ""label"": ""Zn""}, {""species"": [{""element"": ""Al"", ""occu"": 1}], ""abc"": [0.9798484322714709, 0.8562828247718587, 0.565678661365678], ""xyz"": [3.985129122106657, 3.5996903733852688, 2.3053465226296352], ""properties"": {}, ""label"": ""Al""}, {""species"": [{""element"": ""Al"", ""occu"": 1}], ""abc"": [0.4794131119128561, 0.856534913369857, 0.0659738481724254], ""xyz"": [1.9595600568899825, 3.605440742841096, 0.26467900689709944], ""properties"": {}, ""label"": ""Al""}], ""@version"": null}",4166,-0.0044347128124999,PAW_PBE,"['Zn', 'Mg', 'Al']",3,520.0,3.430293981384978,35.9192693,4,63.09799184543076,6.502643525593491,18.8600485087927,0.4501831781614815,180.3077787930203,False
POSCAR-1717-Zn1Al4,ok,"[[41.3274, 72.3915, 70.0969, 16.0343, -13.5106, -2.533], [72.3915, 91.0489, 44.7779, -13.0526, -4.3069, 3.2329], [70.0969, 44.7779, 92.4556, 1.9691, -2.5831, 8.9878], [16.0343, -13.0526, 1.9691, 19.176, -1.4716, 1.6138], [-13.5106, -4.3069, -2.5831, -1.4716, 8.4674, 1.9956], [-2.533, 3.2329, 8.9878, 1.6138, 1.9956, 9.0622]]","{""@module"": ""pymatgen.core.structure"", ""@class"": ""Structure"", ""charge"": 0, ""lattice"": {""matrix"": [[4.470482, 0.039596, -0.073411], [-0.695724, 5.020274, 0.30258], [1.05713, -2.023705, 3.885592]], ""pbc"": [true, true, true], ""a"": 4.471260038340534, ""b"": 5.077276590422468, ""c"": 4.50674283206719, ""alpha"": 115.13539599089397, ""beta"": 77.50271052112711, ""gamma"": 97.4248315993307, ""volume"": 90.34788169977062}, ""properties"": {}, ""sites"": [{""species"": [{""element"": ""Zn"", ""occu"": 1}], ""abc"": [0.7232202155016859, 0.7806719161113169, 0.7800903895307952], ""xyz"": [3.514667720756467, 2.369150728891412, 3.21423636597451], ""properties"": {}, ""label"": ""Zn""}, {""species"": [{""element"": ""Al"", ""occu"": 1}], ""abc"": [0.7373620213282626, 0.4738027668349293, 0.1290787181978569], ""xyz"": [3.1031806730466496, 2.1465990506553774, 0.590779992641031], ""properties"": {}, ""label"": ""Al""}, {""species"": [{""element"": ""Al"", ""occu"": 1}], ""abc"": [0.7032464613481034, 0.0872043531435722, 0.4334641138149372], ""xyz"": [3.541408404271118, -0.41156800079082434, 1.6590249601265659], ""properties"": {}, ""label"": ""Al""}, {""species"": [{""element"": ""Al"", ""occu"": 1}], ""abc"": [0.2180462443993962, 0.4585089258642452, 0.6175584339896083], ""xyz"": [1.30861569414056, 1.0607181077204957, 2.522308748582949], ""properties"": {}, ""label"": ""Al""}, {""species"": [{""element"": ""Al"", ""occu"": 1}], ""abc"": [0.2255260574225477, 0.1019020380459306, 0.9524143444668062], ""xyz"": [1.9441402626871935, -1.4068995890504987, 3.714970982815957], ""properties"": {}, ""label"": ""Al""}], ""@version"": null}",1628,0.1398029555000004,PAW_PBE,"['Zn', 'Al']",2,520.0,3.185794620540325,34.66703088,5,63.43718126513648,13.160520464017624,36.92790421782284,0.4029803881536439,261.1501269476458,False
POSCAR-1662-Mg1Zn4Al1,ok,"[[54.5664, 27.4824, 37.2286, -12.3732, 1.2343, 1.2558], [27.4824, 113.1837, 48.6943, 27.6829, -0.7769, -4.6141], [37.2286, 48.6943, 59.748, 8.6398, 18.4413, 2.2814], [-12.3732, 27.6829, 8.6398, -13.8103, -4.7818, 6.0897], [1.2343, -0.7769, 18.4413, -4.7818, 24.0265, 2.2491], [1.2558, -4.6141, 2.2814, 6.0897, 2.2491, 23.0142]]","{""@module"": ""pymatgen.core.structure"", ""@class"": ""Structure"", ""charge"": 0, ""lattice"": {""matrix"": [[5.184343, 0.050722, -0.003189], [-0.022363, 4.174523, 0.10398], [-1.120126, 1.444123, 5.045644]], ""pbc"": [true, true, true], ""a"": 5.184592098965357, ""b"": 4.1758776588518485, ""c"": 5.36644173263262, ""alpha"": 72.92970936713725, ""beta"": 101.92689517707085, ""gamma"": 89.74734167649355, ""volume"": 108.4051565788373}, ""properties"": {}, ""sites"": [{""species"": [{""element"": ""Mg"", ""occu"": 1}], ""abc"": [0.1382318923343158, -0.019282678237512, 0.753926039621848], ""xyz"": [-0.12741939712387293, 1.0152773483557098, 3.8015965638739493], ""properties"": {}, ""label"": ""Mg""}, {""species"": [{""element"": ""Zn"", ""occu"": 1}], ""abc"": [0.6027072764417086, 0.461796495756976, -0.2260223278490333], ""xyz"": [3.3674875806392497, 1.6319465691722455, -1.0943326362532702], ""properties"": {}, ""label"": ""Zn""}, {""species"": [{""element"": ""Zn"", ""occu"": 1}], ""abc"": [0.0199912899225335, 0.2828440825336374, 0.1527724764339358], ""xyz"": [-0.0738079611848814, 1.402375373143223, 0.8001819045623142], ""properties"": {}, ""label"": ""Zn""}, {""species"": [{""element"": ""Zn"", ""occu"": 1}], ""abc"": [0.2583774478500414, 0.6992063093406016, 0.3457418750578437], ""xyz"": [0.9366064988824011, 3.4312520348314646, 1.8163699237984008], ""properties"": {}, ""label"": ""Zn""}, {""species"": [{""element"": ""Zn"", ""occu"": 1}], ""abc"": [0.7098645816517805, 0.8095900392863382, 0.0984358348975911], ""xyz"": [3.551816074785277, 3.557811444082078, 0.5785895938701271], ""properties"": {}, ""label"": ""Zn""}, {""species"": [{""element"": ""Al"", ""occu"": 1}], ""abc"": [0.5734555117996263, 0.1740597513199526, 0.3916151018378213], ""xyz"": [2.530439312629851, 1.3212436214402632, 1.9922203722125116], ""properties"": {}, ""label"": ""Al""}], ""@version"": null}",4836,0.0342196239583332,PAW_PBE,"['Zn', 'Mg', 'Al']",3,520.0,4.793315341849578,52.153756433333335,6,46.63660529375998,15.397061898097594,41.61180997410182,0.3512905984759089,228.6712453395068,False
POSCAR-1803-Mg4Al3,ok,"[[36.0166, 12.137, 72.7354, 8.7454, 7.3565, 3.914], [12.137, 51.8644, 46.159, 0.8483, 6.5534, 5.11], [72.7354, 46.159, 25.9547, 2.2993, 8.3563, -3.372], [8.7454, 0.8483, 2.2993, -3.4162, -1.1857, -4.0852], [7.3565, 6.5534, 8.3563, -1.1857, 5.689, 2.5507], [3.914, 5.11, -3.372, -4.0852, 2.5507, 2.982]]","{""@module"": ""pymatgen.core.structure"", ""@class"": ""Structure"", ""charge"": 0, ""lattice"": {""matrix"": [[5.065916, -0.044873, 0.013069], [0.049685, 6.714906, 0.378689], [0.881347, -1.630644, 4.450554]], ""pbc"": [true, true, true], ""a"": 5.066131591653142, ""b"": 6.725759179957456, ""c"": 4.821120543614421, ""alpha"": 106.52038413011819, ""beta"": 79.15346578458039, ""gamma"": 90.07511207979258, ""volume"": 154.4399428091162}, ""properties"": {}, ""sites"": [{""species"": [{""element"": ""Mg"", ""occu"": 1}], ""abc"": [0.7178865431633511, 0.1552824235325681, 0.2445764719072198], ""xyz"": [3.8600248721951385, 0.6116759981653372, 1.1566866002702914], ""properties"": {}, ""label"": ""Mg""}, {""species"": [{""element"": ""Mg"", ""occu"": 1}], ""abc"": [0.2311445425563223, 0.1815773068146291, 0.7801062694426821], ""xyz"": [1.8675248251923384, -0.06317320969382896, 3.543687234660201], ""properties"": {}, ""label"": ""Mg""}, {""species"": [{""element"": ""Mg"", ""occu"": 1}], ""abc"": [0.7028626993308318, 0.475449831460286, 0.8932855225867145], ""xyz"": [4.371560634694587, 1.7044306903717006, 4.164848789533812], ""properties"": {}, ""label"": ""Mg""}, {""species"": [{""element"": ""Mg"", ""occu"": 1}], ""abc"": [0.780734599430599, 0.8389827772096092, 0.5867392631673924], ""xyz"": [4.513941647669514, 4.641893721852889, 2.9392317440453795], ""properties"": {}, ""label"": ""Mg""}, {""species"": [{""element"": ""Al"", ""occu"": 1}], ""abc"": [0.3572015903729094, 0.8091056900116672, 0.3200866679500252], ""xyz"": [2.131861092641548, 4.8950925409559805, 1.7356306926210685], ""properties"": {}, ""label"": ""Al""}, {""species"": [{""element"": ""Al"", ""occu"": 1}], ""abc"": [0.1904015015317177, 0.4248644178244694, 0.373742946258463], ""xyz"": [1.3150646260892196, 2.2349390489991188, 1.826743003187436], ""properties"": {}, ""label"": ""Al""}, {""species"": [{""element"": ""Al"", ""occu"": 1}], ""abc"": [0.1675315236142805, 0.7475415531467712, 0.8585908586875023], ""xyz"": [1.6425587055817128, 3.612097586241805, 4.106480213196811], ""properties"": {}, ""label"": ""Al""}], ""@version"": null}",1818,0.1452222224999997,PAW_PBE,"['Mg', 'Al']",2,520.0,1.9156268737249,25.45208797142857,7,36.77666053062229,4.973169192901151,14.276010545372902,0.4353031227804297,194.538195416954,False
POSCAR-1972-Zn4Al5,ok,"[[53.757, 45.7704, 30.425, 2.0162, -1.3737, -0.7258], [45.7704, 54.0484, 29.8415, -3.1397, 0.9775, 2.9621], [30.425, 29.8415, 54.1279, 2.9958, -0.3199, -1.345], [2.0162, -3.1397, 2.9958, 19.1566, 0.0876, 0.2138], [-1.3737, 0.9775, -0.3199, 0.0876, 21.7809, -0.4878], [-0.7258, 2.9621, -1.345, 0.2138, -0.4878, 1.7749]]","{""@module"": ""pymatgen.core.structure"", ""@class"": ""Structure"", ""charge"": 0, ""lattice"": {""matrix"": [[6.349556, -0.032671, -0.030965], [0.073864, 6.355266, 0.00943], [0.022634, -0.059527, 4.198124]], ""pbc"": [true, true, true], ""a"": 6.3497155544639945, ""b"": 6.355702222898112, ""c"": 4.198607016745077, ""alpha"": 90.72370146132889, ""beta"": 89.96633223550913, ""gamma"": 89.62933694073084, ""volume"": 169.42566902708165}, ""properties"": {}, ""sites"": [{""species"": [{""element"": ""Zn"", ""occu"": 1}], ""abc"": [0.2157438197130131, 0.5959564215979882, 0.880769634881691], ""xyz"": [1.4338325299625063, 3.7279834432739145, 3.6965195043463197], ""properties"": {}, ""label"": ""Zn""}, {""species"": [{""element"": ""Zn"", ""occu"": 1}], ""abc"": [0.7854989086111069, 0.39750143713098, 0.882823040714052], ""xyz"": [5.03691217102087, 2.448012526361836, 3.685626059821641], ""properties"": {}, ""label"": ""Zn""}, {""species"": [{""element"": ""Zn"", ""occu"": 1}], ""abc"": [0.4007470493511593, 0.2097862655900379, 0.8813574452847283], ""xyz"": [2.5800101288280666, 1.2676901494765223, 3.68961699572986], ""properties"": {}, ""label"": ""Zn""}, {""species"": [{""element"": ""Zn"", ""occu"": 1}], ""abc"": [0.6005731478494511, 0.7837280357757707, -0.1172949971571241], ""xyz"": [3.8686072670352565, 4.968161032994923, -0.5036251347910472], ""properties"": {}, ""label"": ""Zn""}, {""species"": [{""element"": ""Al"", ""occu"": 1}], ""abc"": [0.3063281854561276, 0.8896233250336698, 0.3821255368320559], ""xyz"": [2.0194081346130113, 5.621038035415392, 1.6031140828799564], ""properties"": {}, ""label"": ""Al""}, {""species"": [{""element"": ""Al"", ""occu"": 1}], ""abc"": [0.6953169430134832, 0.1035653614626452, 0.3820018438187756], ""xyz"": [4.431249849004992, 0.6127292968790655, 1.5831372407980338], ""properties"": {}, ""label"": ""Al""}, {""species"": [{""element"": ""Al"", ""occu"": 1}], ""abc"": [0.106258908850523, 0.3007723580068139, 0.3821906522950448], ""xyz"": [0.7055636449211528, 1.8852660928103095, 1.6040297261989305], ""properties"": {}, ""label"": ""Al""}, {""species"": [{""element"": ""Al"", ""occu"": 1}], ""abc"": [0.8952706364591286, 0.6920800834493587, 0.3815965720602072], ""xyz"": [5.744327901448792, 4.346388337514088, 1.5807939874126558], ""properties"": {}, ""label"": ""Al""}, {""species"": [{""element"": ""Al"", ""occu"": 1}], ""abc"": [0.000653400696007, -0.0035262880472565, 0.8823512712705787], ""xyz"": [0.02385947724335115, -0.07495556991199862, 3.704166562902689], ""properties"": {}, ""label"": ""Al""}], ""@version"": null}",3711,0.1015567663888887,PAW_PBE,"['Zn', 'Al']",2,520.0,3.88652025175172,44.06041033333335,9,41.22111307031825,7.1211695175691725,20.200273186585832,0.4183255388562385,171.9233258750922,True
